Jurist	80,443,1195,1218,1221,21,2020,2022,2180,9091
Istok2	53,4500,500
Dirol1	53,80,4500,500,3389,1352,1723,21,3754,1723,3128,49235
Dirol2	53,80,4500,500,3389,1352,1723,21,3754,1723,3128,49235
Dkpk	80,4500,500,3389,1352,1723,21
Tes	80,443,23
Egais	3389,32411
Admin	80,443,1195,1218,1221,21,2020,2022,2180
Navi	80,443,8080,23,53,500
Sanek	80,443,3389,3131,1194,1195,21
Medman	80,443,3389,3131,1194,21
Sergey	80,443,3389,3131,1194,21
Meandr	80,443,110,25,3389,3131,1194,21,81,30583
Tec	80,443,1218,1221,21,2020,2022,2180
Oleg	80,443,3389,3131,1194,21
Tez	80,443,1218,1221,1935,21,2020,2022,2180,9443
Teh	80,443,1218,1221,1935,21,2020,2022,2180,9091
Tabak	80,443,1218,1221,21,2020,2022,2180,6000
Sial	80,443,1218,1221,21,2020,2022,2180,9443
Lena	80,443,110,25,1195,1218,1221,21,2020,2022,2180
Valera	80,443,1195,1218,1221,21,2020,2022,2180
Vav	80,443,1195,1218,1221,21,9091,9443,23,3389,22
Sab	80,443,1195,1218,1221,21,9091,9443,23,3389,22,88,8000,10554
